79000
77000 0 0
76800 2 1
76600 0 2
76400 2 3
76200 0 4
76000 2 5
75800 0 6
75600 0 0
75400 2 1
75200 0 2
75000 2 3
74800 0 4
74600 2 5
74400 0 6
74200 0 0
74000 2 1
73800 0 2
73600 2 3
73400 0 4
73200 2 5
73000 0 6
72800 0 0
72600 2 1
72400 0 2
72200 2 3
72000 0 4
71800 2 5
71600 0 6
71400 0 0
71200 2 1
71000 0 2
70800 2 3
70600 0 4
70400 2 5
70200 0 6
70000 0 0
69800 2 1
69600 0 2
69400 2 3
69000 0 3
68500 1 2
68300 1 3
68100 1 4
67900 2 3
66900 1 0
66400 0 3
66200 1 3
66000 2 3
65600 1 6
65300 2 4
65100 2 3
64900 2 2
64500 1 0
64000 0 3
63800 1 3
63600 2 3
62500 1 6
61500 1 3
61000 2 2
60800 2 4
60400 2 0
60200 0 2
60000 0 4
59800 2 6
59500 0 6
59300 2 4
59100 2 2
58900 0 0
58600 2 0
58400 1 1
58200 0 2
58000 1 3
57800 2 4
57600 1 5
57400 0 6
57200 0 0
57000 1 1
56800 2 2
56600 1 3
56400 0 4
56200 1 5
56000 2 6
55800 0 0
55800 2 0
55600 1 1
55400 0 2
55400 2 2
55200 1 3
55000 0 4
55000 2 4
54800 1 5
54600 0 6
54600 2 6
54000 1 0
53500 0 6
53300 2 6
52800 1 2
52600 0 3
51800 1 4
51600 2 3
51000 1 6
50000 0 0
49800 1 0
49600 2 0
48800 0 3
48600 1 4
48100 1 2
47900 2 3
46800 0 2
46600 0 4
46400 1 3
46200 2 2
46000 2 4
44500 0 1
44300 1 2
44100 2 3
43900 1 4
43700 0 5
42500 1 0
42500 1 6
42300 1 1
42300 1 5
42100 1 2
42100 1 4
41900 0 3
41900 2 3
41700 1 3
39000 1 3
38800 1 2
38600 1 4
38100 0 3
37900 2 3
37100 0 1
36900 0 2
36400 2 4
36200 2 5
35200 1 5
34700 0 3
34500 2 3
34300 0 1
34100 2 1
33200 1 1
33000 1 5
32400 0 3
32200 2 3