88000
87328 2 0
87042 0 1
86756 2 2
86470 0 3
86185 2 4
85899 0 5
85613 2 6
84827 2 6
84542 0 5
84256 2 4
83970 0 3
83685 2 2
83399 0 1
83113 2 0
82327 2 3
82042 1 2
81756 0 3
81470 1 4
81185 2 3
80899 1 3
80613 0 3
79827 0 3
79542 1 2
79256 2 3
78970 1 4
78685 0 3
78399 1 3
78113 2 3
77313 2 0
77027 2 1
76741 1 2
76455 1 3
76170 0 4
75884 0 5
75598 0 6
75098 2 6
74812 2 5
74526 1 4
74240 1 3
73955 0 2
73669 0 1
73383 0 0
72583 1 0
72297 0 1
72011 1 2
71725 2 3
71440 1 4
71154 0 5
70868 1 6
70368 1 6
70082 2 5
69796 1 4
69510 0 3
69225 1 2
68939 2 1
68653 1 0
67853 1 0
67567 1 1
67281 1 2
66995 1 3
66710 1 4
66424 1 5
66138 1 6
65638 2 0
65495 1 0
65352 0 1
65209 1 1
65066 2 2
64923 1 2
64780 0 3
64637 1 3
64495 2 4
64352 1 4
64209 0 5
64066 1 5
63923 2 6
63780 1 6
62980 2 0
62694 0 1
62408 2 2
62122 0 3
61837 2 4
61551 0 5
61265 2 6
60479 2 6
60194 0 5
59908 2 4
59622 0 3
59337 2 2
59051 0 1
58765 2 0
57979 2 3
57694 1 2
57408 0 3
57122 1 4
56837 2 3
56551 1 3
56265 0 3
55479 0 3
55194 1 2
54908 2 3
54622 1 4
54337 0 3
54051 1 3
53765 2 3
52965 2 0
52679 2 1
52393 1 2
52107 1 3
51822 0 4
51536 0 5
51250 0 6
50750 2 6
50464 2 5
50178 1 4
49892 1 3
49607 0 2
49321 0 1
49035 0 0
48535 0 2
48249 0 3
47963 0 4
47677 1 3
47392 2 2
47106 2 3
46820 2 4
46300 2 3
45728 1 1
45157 0 3
44585 1 5
44014 1 2
43442 1 3
42871 1 4